--------------------------------------------------------------------------------
CPU name:	Intel(R) Core(TM) i7-8565U CPU @ 1.80GHz
CPU type:	Intel Kabylake processor
CPU clock:	1.99 GHz
--------------------------------------------------------------------------------
                   0;              2764800;            119975913;           0.023
                   1;              2764800;             99680133;           0.028
                   2;              2764800;            104127030;           0.027
                   3;              2764800;            101892666;           0.027
                   4;              2764800;            102199942;           0.027
                   5;              2764800;            101768703;           0.027
                   6;              2764800;            100193497;           0.028
                   7;              2764800;            103140185;           0.027
                   8;              2764800;            104595098;           0.026
                   9;              2764800;            103656562;           0.027
                  10;              2764800;            103005249;           0.027
                  11;              2764800;             96662511;           0.029
                  12;              2764800;            100021215;           0.028
                  13;              2764800;             99400624;           0.028
                  14;              2764800;             99443225;           0.028
                  15;              2764800;            101805913;           0.027
                  16;              2764800;            102017569;           0.027
                  17;              2764800;             98691301;           0.028
                  18;              2764800;             97058564;           0.028
                  19;              2764800;             98760334;           0.028
                  20;              2764800;             98838409;           0.028
                  21;              2764800;            100193537;           0.028
                  22;              2764800;            101712776;           0.027
                  23;              2764800;             96711108;           0.029
                  24;              2764800;            118445521;           0.023
                  25;              2764800;            116200776;           0.024
                  26;              2764800;            111177115;           0.025
                  27;              2764800;            116677096;           0.024
                  28;              2764800;            106929412;           0.026
                  29;              2764800;            109339635;           0.025
                  30;              2764800;            134380613;           0.021
                  31;              2764800;            111067393;           0.025
                  32;              2764800;            130574012;           0.021
                  33;              2764800;            111129322;           0.025
                  34;              2764800;            116427355;           0.024
                  35;              2764800;            135208091;           0.020
                  36;              2764800;            140805605;           0.020
                  37;              2764800;            105969155;           0.026
                  38;              2764800;            102345836;           0.027
                  39;              2764800;             98838687;           0.028
                  40;              2764800;             98937685;           0.028
                  41;              2764800;            102597800;           0.027
                  42;              2764800;             97697045;           0.028
                  43;              2764800;             98917564;           0.028
                  44;              2764800;            103114961;           0.027
                  45;              2764800;            106015182;           0.026
                  46;              2764800;            105584147;           0.026
                  47;              2764800;            105402358;           0.026
                  48;              2764800;            106952996;           0.026
                  49;              2764800;             98221325;           0.028
                  50;              2764800;             96545201;           0.029
                  51;              2764800;             97081150;           0.028
                  52;              2764800;             95582528;           0.029
                  53;              2764800;             95959084;           0.029
                  54;              2764800;             97416210;           0.028
                  55;              2764800;             95100792;           0.029
                  56;              2764800;             97493533;           0.028
                  57;              2764800;             98711762;           0.028
                  58;              2764800;            101816239;           0.027
                  59;              2764800;            103151501;           0.027
                  60;              2764800;             97483968;           0.028
                  61;              2764800;             99698726;           0.028
                  62;              2764800;            124981082;           0.022
                  63;              2764800;            119663545;           0.023
                  64;              2764800;             99200100;           0.028
                  65;              2764800;             98833465;           0.028
                  66;              2764800;            100908408;           0.027
                  67;              2764800;             99370292;           0.028
                  68;              2764800;             97121029;           0.028
                  69;              2764800;             97328531;           0.028
                  70;              2764800;             96338410;           0.029
                  71;              2764800;             96118867;           0.029
                  72;              2764800;             96506944;           0.029
                  73;              2764800;             95245881;           0.029
                  74;              2764800;             96021683;           0.029
                  75;              2764800;             94818627;           0.029
                  76;              2764800;             93262533;           0.030
                  77;              2764800;             93249291;           0.030
                  78;              2764800;             92477535;           0.030
                  79;              2764800;             92805264;           0.030
                  80;              2764800;             93947555;           0.029
                  81;              2764800;             94987238;           0.029
                  82;              2764800;             93766657;           0.029
                  83;              2764800;             93022609;           0.030
                  84;              2764800;             92890560;           0.030
                  85;              2764800;             92031918;           0.030
                  86;              2764800;             95283289;           0.029
                  87;              2764800;             93378820;           0.030
                  88;              2764800;             93326641;           0.030
                  89;              2764800;             92631957;           0.030
                  90;              2764800;             93138059;           0.030
                  91;              2764800;             93230867;           0.030
                  92;              2764800;             92824212;           0.030
                  93;              2764800;             92220229;           0.030
                  94;              2764800;             92265596;           0.030
                  95;              2764800;             92041119;           0.030
                  96;              2764800;             93438244;           0.030
                  97;              2764800;            103583498;           0.027
                  98;              2764800;            100319104;           0.028
                  99;              2764800;            100307448;           0.028
                 100;              2764800;            103389162;           0.027
                 101;              2764800;             97673776;           0.028
                 102;              2764800;             94971478;           0.029
                 103;              2764800;             95787432;           0.029
                 104;              2764800;             94897765;           0.029
                 105;              2764800;             97132357;           0.028
                 106;              2764800;            100812958;           0.027
                 107;              2764800;             99176154;           0.028
                 108;              2764800;             99465463;           0.028
                 109;              2764800;             99040985;           0.028
                 110;              2764800;             96262324;           0.029
                 111;              2764800;             95795654;           0.029
                 112;              2764800;             95287187;           0.029
                 113;              2764800;            104253484;           0.027
                 114;              2764800;             97632847;           0.028
                 115;              2764800;             95426756;           0.029
                 116;              2764800;             94963834;           0.029
                 117;              2764800;             95013337;           0.029
                 118;              2764800;             93852918;           0.029
                 119;              2764800;             94006962;           0.029
                 120;              2764800;             93440050;           0.030
                 121;              2764800;             93372247;           0.030
                 122;              2764800;             93113171;           0.030
                 123;              2764800;             93221205;           0.030
                 124;              2764800;             94413274;           0.029
                 125;              2764800;             97002137;           0.029
                 126;              2764800;            100378908;           0.028
                 127;              2764800;            101401955;           0.027
                 128;              2764800;             99338923;           0.028
                 129;              2764800;             99885520;           0.028
                 130;              2764800;             97345113;           0.028
                 131;              2764800;             94493012;           0.029
                 132;              2764800;             94331994;           0.029
                 133;              2764800;             94210381;           0.029
                 134;              2764800;             92969439;           0.030
                 135;              2764800;             92623638;           0.030
                 136;              2764800;             92724806;           0.030
                 137;              2764800;             92507071;           0.030
                 138;              2764800;             92768179;           0.030
                 139;              2764800;             92448659;           0.030
                 140;              2764800;             92054365;           0.030
                 141;              2764800;             92682017;           0.030
                 142;              2764800;             91856153;           0.030
                 143;              2764800;            107147356;           0.026
                 144;              2764800;            119586732;           0.023
                 145;              2764800;            112744880;           0.025
                 146;              2764800;            100169147;           0.028
                 147;              2764800;             94561374;           0.029
                 148;              2764800;             94461168;           0.029
                 149;              2764800;             95395286;           0.029
                 150;              2764800;             95075403;           0.029
                 151;              2764800;             94285791;           0.029
                 152;              2764800;             93704103;           0.030
                 153;              2764800;             94621674;           0.029
                 154;              2764800;             98459139;           0.028
                 155;              2764800;             98651340;           0.028
                 156;              2764800;            103487900;           0.027
                 157;              2764800;            101022158;           0.027
                 158;              2764800;            103158781;           0.027
                 159;              2764800;            103481720;           0.027
                 160;              2764800;            102702327;           0.027
                 161;              2764800;             99533033;           0.028
                 162;              2764800;            101969222;           0.027
                 163;              2764800;            100092174;           0.028
                 164;              2764800;            101437800;           0.027
                 165;              2764800;            106006818;           0.026
                 166;              2764800;            103191359;           0.027
                 167;              2764800;            100058565;           0.028
                 168;              2764800;             98235888;           0.028
                 169;              2764800;             97420153;           0.028
                 170;              2764800;             94491105;           0.029
                 171;              2764800;             95125527;           0.029
                 172;              2764800;             94410662;           0.029
                 173;              2764800;             94607040;           0.029
                 174;              2764800;             98111462;           0.028
                 175;              2764800;             99601879;           0.028
                 176;              2764800;            100978738;           0.027
                 177;              2764800;             96970878;           0.029
                 178;              2764800;             94536579;           0.029
                 179;              2764800;             93735263;           0.029
                 180;              2764800;             93415974;           0.030
                 181;              2764800;             96801001;           0.029
                 182;              2764800;             94359965;           0.029
                 183;              2764800;             97669784;           0.028
                 184;              2764800;             99152681;           0.028
                 185;              2764800;             97794636;           0.028
                 186;              2764800;             96827225;           0.029
                 187;              2764800;             95713750;           0.029
                 188;              2764800;             95133205;           0.029
                 189;              2764800;             95476546;           0.029
                 190;              2764800;             95311191;           0.029
                 191;              2764800;             95297999;           0.029
                 192;              2764800;             95456450;           0.029
                 193;              2764800;             98760330;           0.028
                 194;              2764800;            102040682;           0.027
                 195;              2764800;             97198665;           0.028
                 196;              2764800;             94324701;           0.029
                 197;              2764800;             95340525;           0.029
                 198;              2764800;             94199087;           0.029
                 199;              2764800;             94650299;           0.029
                 200;              2764800;             96456721;           0.029
                 201;              2764800;             96674074;           0.029
                 202;              2764800;             97206531;           0.028
                 203;              2764800;            103417589;           0.027
                 204;              2764800;            101915582;           0.027
                 205;              2764800;             94939010;           0.029
                 206;              2764800;             94502743;           0.029
                 207;              2764800;             94644855;           0.029
                 208;              2764800;             95274670;           0.029
                 209;              2764800;             96149447;           0.029
                 210;              2764800;            106606683;           0.026
                 211;              2764800;            103175355;           0.027
                 212;              2764800;            105872342;           0.026
                 213;              2764800;            110836821;           0.025
                 214;              2764800;            116023708;           0.024
                 215;              2764800;            144305952;           0.019
                 216;              2764800;            121179227;           0.023
                 217;              2764800;            126654911;           0.022
                 218;              2764800;            122729938;           0.023
                 219;              2764800;            128570154;           0.022
                 220;              2764800;            142464943;           0.019
                 221;              2764800;            132986155;           0.021
                 222;              2764800;            121225561;           0.023
                 223;              2764800;            118463303;           0.023
                 224;              2764800;            120893456;           0.023
                 225;              2764800;            101320167;           0.027
                 226;              2764800;            100423903;           0.028
                 227;              2764800;             98508144;           0.028
                 228;              2764800;             98939397;           0.028
                 229;              2764800;             92486672;           0.030
                 230;              2764800;             97886777;           0.028
                 231;              2764800;            103148695;           0.027
                 232;              2764800;            118902042;           0.023
                 233;              2764800;            117154429;           0.024
                 234;              2764800;            169644627;           0.016
                 235;              2764800;            171865065;           0.016
                 236;              2764800;            118439795;           0.023
                 237;              2764800;            114389169;           0.024
                 238;              2764800;            119068095;           0.023
                 239;              2764800;            108606867;           0.025
                 240;              2764800;            100952843;           0.027
                 241;              2764800;            100944274;           0.027
                 242;              2764800;            101337188;           0.027
                 243;              2764800;             98001100;           0.028
                 244;              2764800;             98562924;           0.028
                 245;              2764800;             97535529;           0.028
                 246;              2764800;             99294012;           0.028
                 247;              2764800;            102814635;           0.027
                 248;              2764800;            113126233;           0.024
                 249;              2764800;            109689928;           0.025
                 250;              2764800;            138534660;           0.020
                 251;              2764800;            104151938;           0.027
                 252;              2764800;            113022922;           0.024
                 253;              2764800;            102381731;           0.027
                 254;              2764800;             98032677;           0.028
                 255;              2764800;             97087700;           0.028
                 256;              2764800;             98007961;           0.028
                 257;              2764800;             97211027;           0.028
                 258;              2764800;             98265761;           0.028
                 259;              2764800;             97210950;           0.028
                 260;              2764800;             97599607;           0.028
                 261;              2764800;             95766651;           0.029
                 262;              2764800;             98935470;           0.028
                 263;              2764800;            102042893;           0.027
                 264;              2764800;            126123079;           0.022
                 265;              2764800;            102791965;           0.027
                 266;              2764800;            109270512;           0.025
                 267;              2764800;            104831174;           0.026
                 268;              2764800;            100905013;           0.027
                 269;              2764800;            102145889;           0.027
                 270;              2764800;            101585566;           0.027
                 271;              2764800;            101407660;           0.027
                 272;              2764800;             98280035;           0.028
                 273;              2764800;             97749891;           0.028
                 274;              2764800;             97311382;           0.028
                 275;              2764800;             96805934;           0.029
                 276;              2764800;             96603394;           0.029
                 277;              2764800;             97907997;           0.028
                 278;              2764800;             97039069;           0.028
                 279;              2764800;             96611166;           0.029
                 280;              2764800;            103695022;           0.027
                 281;              2764800;             98203410;           0.028
                 282;              2764800;             96946841;           0.029
                 283;              2764800;            109911601;           0.025
                 284;              2764800;             98701037;           0.028
                 285;              2764800;             99900406;           0.028
                 286;              2764800;            103114133;           0.027
                 287;              2764800;             97307564;           0.028
                 288;              2764800;             97454667;           0.028
                 289;              2764800;             97053886;           0.028
                 290;              2764800;             96939387;           0.029
                 291;              2764800;             95833252;           0.029
                 292;              2764800;             95101556;           0.029
                 293;              2764800;             95829381;           0.029
                 294;              2764800;             94603813;           0.029
                 295;              2764800;             95455372;           0.029
                 296;              2764800;             94502118;           0.029
                 297;              2764800;             94738546;           0.029
                 298;              2764800;             95365526;           0.029
                 299;              2764800;             95982046;           0.029
                 300;              2764800;             94892877;           0.029
                 301;              2764800;             94700892;           0.029
                 302;              2764800;             94844851;           0.029
                 303;              2764800;             94219590;           0.029
                 304;              2764800;             95289233;           0.029
                 305;              2764800;             98240290;           0.028
                 306;              2764800;             95650445;           0.029
                 307;              2764800;             95047409;           0.029
                 308;              2764800;             95862836;           0.029
                 309;              2764800;             94930035;           0.029
                 310;              2764800;             94414699;           0.029
                 311;              2764800;             93953360;           0.029
                 312;              2764800;             94004381;           0.029
                 313;              2764800;             94552236;           0.029
                 314;              2764800;            137118012;           0.020
                 315;              2764800;             97734176;           0.028
                 316;              2764800;             96543503;           0.029
                 317;              2764800;             97080071;           0.028
                 318;              2764800;             97161335;           0.028
                 319;              2764800;             99712722;           0.028
                 320;              2764800;             96843294;           0.029
                 321;              2764800;             97607180;           0.028
                 322;              2764800;            100475854;           0.028
                 323;              2764800;             97893824;           0.028
                 324;              2764800;            106823619;           0.026
                 325;              2764800;            106690708;           0.026
                 326;              2764800;            101251004;           0.027
                 327;              2764800;            119377210;           0.023
                 328;              2764800;            140245454;           0.020
                 329;              2764800;            110764330;           0.025
                 330;              2764800;            111389354;           0.025
                 331;              2764800;            107720278;           0.026
                 332;              2764800;            105149299;           0.026
                 333;              2764800;            105079431;           0.026
                 334;              2764800;            102469512;           0.027
                 335;              2764800;             99545142;           0.028
                 336;              2764800;             99860593;           0.028
                 337;              2764800;             99143943;           0.028
                 338;              2764800;             99125418;           0.028
                 339;              2764800;             98180554;           0.028
                 340;              2764800;             97869558;           0.028
                 341;              2764800;            100394484;           0.028
                 342;              2764800;            100123878;           0.028
                 343;              2764800;            100587102;           0.027
                 344;              2764800;            100168676;           0.028
                 345;              2764800;            104861106;           0.026
                 346;              2764800;            103729956;           0.027
                 347;              2764800;            101397912;           0.027
                 348;              2764800;             98910179;           0.028
                 349;              2764800;             98619098;           0.028
                 350;              2764800;             97194014;           0.028
                 351;              2764800;             96856058;           0.029
                 352;              2764800;             95457583;           0.029
                 353;              2764800;             97197814;           0.028
                 354;              2764800;             97683123;           0.028
                 355;              2764800;             96169180;           0.029
                 356;              2764800;             97078448;           0.028
                 357;              2764800;             96117051;           0.029
                 358;              2764800;             96846402;           0.029
                 359;              2764800;             99313506;           0.028
--------------------------------------------------------------------------------
Group 1: MEM
+-----------------------+---------+--------------+--------+--------+--------+-------------+--------+--------+--------+
|         Event         | Counter |    Core 0    | Core 1 | Core 2 | Core 3 |    Core 4   | Core 5 | Core 6 | Core 7 |
+-----------------------+---------+--------------+--------+--------+--------+-------------+--------+--------+--------+
|   INSTR_RETIRED_ANY   |  FIXC0  | 182184435936 |    182 |      0 |    255 | 30098701217 |    783 |     85 |    259 |
| CPU_CLK_UNHALTED_CORE |  FIXC1  |  54013588372 |   8986 |      0 |   8549 |  8883850906 |  49656 |   4646 |  15602 |
|  CPU_CLK_UNHALTED_REF |  FIXC2  |  32481895371 |   5063 |      0 |   5312 |  5426389936 |  28801 |   3237 |  10873 |
|       DRAM_READS      | MBOX0C1 |       -      |    -   |    -   |    -   |      -      |    -   |    -   |    -   |
|      DRAM_WRITES      | MBOX0C2 |       -      |    -   |    -   |    -   |      -      |    -   |    -   |    -   |
+-----------------------+---------+--------------+--------+--------+--------+-------------+--------+--------+--------+

+----------------------------+---------+--------------+-----+--------------+--------------+
|            Event           | Counter |      Sum     | Min |      Max     |      Avg     |
+----------------------------+---------+--------------+-----+--------------+--------------+
|   INSTR_RETIRED_ANY STAT   |  FIXC0  | 212283138717 |   0 | 182184435936 | 2.653539e+10 |
| CPU_CLK_UNHALTED_CORE STAT |  FIXC1  |  62897526717 |   0 |  54013588372 | 7.862191e+09 |
|  CPU_CLK_UNHALTED_REF STAT |  FIXC2  |  37908338593 |   0 |  32481895371 | 4.738542e+09 |
|       DRAM_READS STAT      | MBOX0C1 |            0 | inf |            0 |            0 |
|      DRAM_WRITES STAT      | MBOX0C2 |            0 | inf |            0 |            0 |
+----------------------------+---------+--------------+-----+--------------+--------------+

+-----------------------------------+-----------+--------------+---------+--------------+-----------+--------------+--------------+--------------+
|               Metric              |   Core 0  |    Core 1    |  Core 2 |    Core 3    |   Core 4  |    Core 5    |    Core 6    |    Core 7    |
+-----------------------------------+-----------+--------------+---------+--------------+-----------+--------------+--------------+--------------+
|        Runtime (RDTSC) [s]        |   19.9797 |      19.9797 | 19.9797 |      19.9797 |   19.9797 |      19.9797 |      19.9797 |      19.9797 |
|        Runtime unhalted [s]       |   27.1153 | 4.511050e-06 |       0 | 4.291672e-06 |    4.4598 | 2.492774e-05 | 2.332332e-06 | 7.832339e-06 |
|            Clock [MHz]            | 3312.4586 |    3535.4710 |    -    |    3205.8710 | 3261.2122 |    3434.4165 |    2859.0734 |    2858.3781 |
|                CPI                |    0.2965 |      49.3736 |    -    |      33.5255 |    0.2952 |      63.4176 |      54.6588 |      60.2394 |
|  Memory load bandwidth [MBytes/s] |         0 |            0 |       0 |            0 |         0 |            0 |            0 |            0 |
|  Memory load data volume [GBytes] |         0 |            0 |       0 |            0 |         0 |            0 |            0 |            0 |
| Memory evict bandwidth [MBytes/s] |         0 |            0 |       0 |            0 |         0 |            0 |            0 |            0 |
| Memory evict data volume [GBytes] |         0 |            0 |       0 |            0 |         0 |            0 |            0 |            0 |
|    Memory bandwidth [MBytes/s]    |         0 |            0 |       0 |            0 |         0 |            0 |            0 |            0 |
|    Memory data volume [GBytes]    |         0 |            0 |       0 |            0 |         0 |            0 |            0 |            0 |
+-----------------------------------+-----------+--------------+---------+--------------+-----------+--------------+--------------+--------------+

+----------------------------------------+------------+-----------+-----------+-----------+
|                 Metric                 |     Sum    |    Min    |    Max    |    Avg    |
+----------------------------------------+------------+-----------+-----------+-----------+
|        Runtime (RDTSC) [s] STAT        |   159.8376 |   19.9797 |   19.9797 |   19.9797 |
|        Runtime unhalted [s] STAT       |    31.5751 |         0 |   27.1153 |    3.9469 |
|            Clock [MHz] STAT            | 22466.8808 | 2858.3781 | 3535.4710 | 2808.3601 |
|                CPI STAT                |   261.8066 |    0.2952 |   63.4176 |   32.7258 |
|  Memory load bandwidth [MBytes/s] STAT |          0 |         0 |         0 |         0 |
|  Memory load data volume [GBytes] STAT |          0 |         0 |         0 |         0 |
| Memory evict bandwidth [MBytes/s] STAT |          0 |         0 |         0 |         0 |
| Memory evict data volume [GBytes] STAT |          0 |         0 |         0 |         0 |
|    Memory bandwidth [MBytes/s] STAT    |          0 |         0 |         0 |         0 |
|    Memory data volume [GBytes] STAT    |          0 |         0 |         0 |         0 |
+----------------------------------------+------------+-----------+-----------+-----------+

