--------------------------------------------------------------------------------
CPU name:	Intel(R) Core(TM) i7-8565U CPU @ 1.80GHz
CPU type:	Intel Kabylake processor
CPU clock:	1.99 GHz
--------------------------------------------------------------------------------
                   0;              2764800;              1624179;           1.702
                   1;              2764800;              1829029;           1.512
                   2;              2764800;              1573981;           1.757
                   3;              2764800;              1711933;           1.615
                   4;              2764800;              1861131;           1.486
                   5;              2764800;              1807971;           1.529
                   6;              2764800;              1656375;           1.669
                   7;              2764800;              1579164;           1.751
                   8;              2764800;              1620239;           1.706
                   9;              2764800;              2402890;           1.151
                  10;              2764800;              1567821;           1.763
                  11;              2764800;              1715137;           1.612
                  12;              2764800;              1618277;           1.708
                  13;              2764800;              1539970;           1.795
                  14;              2764800;              1584648;           1.745
                  15;              2764800;              1634484;           1.692
                  16;              2764800;              1945253;           1.421
                  17;              2764800;              2113123;           1.308
                  18;              2764800;              2212330;           1.250
                  19;              2764800;              1787935;           1.546
                  20;              2764800;              1631974;           1.694
                  21;              2764800;              1668304;           1.657
                  22;              2764800;              2205737;           1.253
                  23;              2764800;              1948066;           1.419
                  24;              2764800;              2048149;           1.350
                  25;              2764800;              1689208;           1.637
                  26;              2764800;              1681637;           1.644
                  27;              2764800;              1519669;           1.819
                  28;              2764800;              2465341;           1.121
                  29;              2764800;              1952266;           1.416
                  30;              2764800;              1838219;           1.504
                  31;              2764800;              2149200;           1.286
                  32;              2764800;              1788703;           1.546
                  33;              2764800;              2294482;           1.205
                  34;              2764800;              2284486;           1.210
                  35;              2764800;              2397145;           1.153
                  36;              2764800;              1909021;           1.448
                  37;              2764800;              1791104;           1.544
                  38;              2764800;              2142082;           1.291
                  39;              2764800;              2406314;           1.149
                  40;              2764800;              2179427;           1.269
                  41;              2764800;              1938689;           1.426
                  42;              2764800;              1734200;           1.594
                  43;              2764800;              1752521;           1.578
                  44;              2764800;              2398966;           1.152
                  45;              2764800;              2368618;           1.167
                  46;              2764800;              2286836;           1.209
                  47;              2764800;              2120172;           1.304
                  48;              2764800;              2198736;           1.257
                  49;              2764800;              2459906;           1.124
                  50;              2764800;              2772395;           0.997
                  51;              2764800;              2212894;           1.249
                  52;              2764800;              2441811;           1.132
                  53;              2764800;              2561406;           1.079
                  54;              2764800;              2483935;           1.113
                  55;              2764800;              2477924;           1.116
                  56;              2764800;              2045804;           1.351
                  57;              2764800;              1967750;           1.405
                  58;              2764800;              2527356;           1.094
                  59;              2764800;              2200278;           1.257
                  60;              2764800;              2529549;           1.093
                  61;              2764800;              1779077;           1.554
                  62;              2764800;              3221479;           0.858
                  63;              2764800;              1843341;           1.500
                  64;              2764800;              1988442;           1.390
                  65;              2764800;              2714526;           1.019
                  66;              2764800;              3060930;           0.903
                  67;              2764800;              3331426;           0.830
                  68;              2764800;              2542853;           1.087
                  69;              2764800;              1720187;           1.607
                  70;              2764800;              1569004;           1.762
                  71;              2764800;              3264981;           0.847
                  72;              2764800;              2605975;           1.061
                  73;              2764800;              1979682;           1.397
                  74;              2764800;              1672891;           1.653
                  75;              2764800;              1741299;           1.588
                  76;              2764800;              2823287;           0.979
                  77;              2764800;              4706519;           0.587
                  78;              2764800;              3051331;           0.906
                  79;              2764800;              3189830;           0.867
                  80;              2764800;              3234720;           0.855
                  81;              2764800;              2550181;           1.084
                  82;              2764800;              2399933;           1.152
                  83;              2764800;              2860603;           0.967
                  84;              2764800;              2356753;           1.173
                  85;              2764800;              3081174;           0.897
                  86;              2764800;              1689143;           1.637
                  87;              2764800;              1744237;           1.585
                  88;              2764800;              1706664;           1.620
                  89;              2764800;              3497958;           0.790
                  90;              2764800;              3559104;           0.777
                  91;              2764800;              3437534;           0.804
                  92;              2764800;              2683610;           1.030
                  93;              2764800;              3390714;           0.815
                  94;              2764800;              2641582;           1.047
                  95;              2764800;              3818142;           0.724
                  96;              2764800;              2826302;           0.978
                  97;              2764800;              2722886;           1.015
                  98;              2764800;              2836691;           0.975
                  99;              2764800;              2589898;           1.068
                 100;              2764800;              2056104;           1.345
                 101;              2764800;              2003594;           1.380
                 102;              2764800;              1950942;           1.417
                 103;              2764800;              1741148;           1.588
                 104;              2764800;              1780394;           1.553
                 105;              2764800;              2500699;           1.106
                 106;              2764800;              1992617;           1.388
                 107;              2764800;              2310473;           1.197
                 108;              2764800;              1493302;           1.851
                 109;              2764800;              1593727;           1.735
                 110;              2764800;              3102593;           0.891
                 111;              2764800;              2038272;           1.356
                 112;              2764800;              2179594;           1.268
                 113;              2764800;              1674134;           1.651
                 114;              2764800;              1570965;           1.760
                 115;              2764800;              1916152;           1.443
                 116;              2764800;              2392765;           1.155
                 117;              2764800;              2384458;           1.160
                 118;              2764800;              1999415;           1.383
                 119;              2764800;              1782338;           1.551
                 120;              2764800;              1644999;           1.681
                 121;              2764800;              2749341;           1.006
                 122;              2764800;              2473056;           1.118
                 123;              2764800;              2208161;           1.252
                 124;              2764800;              1601147;           1.727
                 125;              2764800;              1663553;           1.662
                 126;              2764800;              2961080;           0.934
                 127;              2764800;              3248367;           0.851
                 128;              2764800;              2597623;           1.064
                 129;              2764800;              1863458;           1.484
                 130;              2764800;              2732804;           1.012
                 131;              2764800;              2107484;           1.312
                 132;              2764800;              2208685;           1.252
                 133;              2764800;              2065125;           1.339
                 134;              2764800;              1854825;           1.491
                 135;              2764800;              3071164;           0.900
                 136;              2764800;              2991611;           0.924
                 137;              2764800;              1942143;           1.424
                 138;              2764800;              1960278;           1.410
                 139;              2764800;              1944985;           1.422
                 140;              2764800;              2240292;           1.234
                 141;              2764800;              2995557;           0.923
                 142;              2764800;              2058979;           1.343
                 143;              2764800;              2073620;           1.333
                 144;              2764800;              1894041;           1.460
                 145;              2764800;              2242556;           1.233
                 146;              2764800;              3114996;           0.888
                 147;              2764800;              2187179;           1.264
                 148;              2764800;              1888436;           1.464
                 149;              2764800;              1957887;           1.412
                 150;              2764800;              2287081;           1.209
                 151;              2764800;              2170033;           1.274
                 152;              2764800;              1767491;           1.564
                 153;              2764800;              1714468;           1.613
                 154;              2764800;              1647811;           1.678
                 155;              2764800;              3010127;           0.918
                 156;              2764800;              3420230;           0.808
                 157;              2764800;              2936054;           0.942
                 158;              2764800;              3181421;           0.869
                 159;              2764800;              3237384;           0.854
                 160;              2764800;              3266722;           0.846
                 161;              2764800;              3389613;           0.816
                 162;              2764800;              2503122;           1.105
                 163;              2764800;              3159063;           0.875
                 164;              2764800;              3262475;           0.847
                 165;              2764800;              3491211;           0.792
                 166;              2764800;              3515204;           0.787
                 167;              2764800;              3393107;           0.815
                 168;              2764800;              2171685;           1.273
                 169;              2764800;              1723556;           1.604
                 170;              2764800;              1709727;           1.617
                 171;              2764800;              1821649;           1.518
                 172;              2764800;              2176606;           1.270
                 173;              2764800;              2834464;           0.975
                 174;              2764800;              2099216;           1.317
                 175;              2764800;              1702929;           1.624
                 176;              2764800;              1640090;           1.686
                 177;              2764800;              2244100;           1.232
                 178;              2764800;              2219957;           1.245
                 179;              2764800;              2151684;           1.285
                 180;              2764800;              1707059;           1.620
                 181;              2764800;              1687422;           1.638
                 182;              2764800;              1816550;           1.522
                 183;              2764800;              2482255;           1.114
                 184;              2764800;              2703174;           1.023
                 185;              2764800;              2142590;           1.290
                 186;              2764800;              1657953;           1.668
                 187;              2764800;              1801291;           1.535
                 188;              2764800;              2407180;           1.149
                 189;              2764800;              2350723;           1.176
                 190;              2764800;              1700772;           1.626
                 191;              2764800;              1666176;           1.659
                 192;              2764800;              1887819;           1.465
                 193;              2764800;              2449279;           1.129
                 194;              2764800;              2214117;           1.249
                 195;              2764800;              1645031;           1.681
                 196;              2764800;              1762116;           1.569
                 197;              2764800;              2198465;           1.258
                 198;              2764800;              2443933;           1.131
                 199;              2764800;              2135248;           1.295
                 200;              2764800;              1779328;           1.554
                 201;              2764800;              1722872;           1.605
                 202;              2764800;              2142282;           1.291
                 203;              2764800;              2153638;           1.284
                 204;              2764800;              2497622;           1.107
                 205;              2764800;              1948476;           1.419
                 206;              2764800;              1641651;           1.684
                 207;              2764800;              1908796;           1.448
                 208;              2764800;              2606169;           1.061
                 209;              2764800;              3368725;           0.821
                 210;              2764800;              2297371;           1.203
                 211;              2764800;              2352865;           1.175
                 212;              2764800;              2457170;           1.125
                 213;              2764800;              2485805;           1.112
                 214;              2764800;              2238510;           1.235
                 215;              2764800;              1725181;           1.603
                 216;              2764800;              1996328;           1.385
                 217;              2764800;              1650680;           1.675
                 218;              2764800;              3404695;           0.812
                 219;              2764800;              2226614;           1.242
                 220;              2764800;              1654714;           1.671
                 221;              2764800;              1701338;           1.625
                 222;              2764800;              1713063;           1.614
                 223;              2764800;              2683007;           1.030
                 224;              2764800;              2404328;           1.150
                 225;              2764800;              1633553;           1.693
                 226;              2764800;              1703028;           1.623
                 227;              2764800;              1779773;           1.553
                 228;              2764800;              1700068;           1.626
                 229;              2764800;              1767848;           1.564
                 230;              2764800;              1770552;           1.562
                 231;              2764800;              1752323;           1.578
                 232;              2764800;              1699690;           1.627
                 233;              2764800;              1770123;           1.562
                 234;              2764800;              1774044;           1.558
                 235;              2764800;              1751143;           1.579
                 236;              2764800;              1750544;           1.579
                 237;              2764800;              1799677;           1.536
                 238;              2764800;              1763169;           1.568
                 239;              2764800;              2028968;           1.363
                 240;              2764800;              2736000;           1.011
                 241;              2764800;              3333060;           0.830
                 242;              2764800;              3336122;           0.829
                 243;              2764800;              2762659;           1.001
                 244;              2764800;              1838857;           1.504
                 245;              2764800;              1779676;           1.554
                 246;              2764800;              1804815;           1.532
                 247;              2764800;              1720256;           1.607
                 248;              2764800;              1776645;           1.556
                 249;              2764800;              1900490;           1.455
                 250;              2764800;              1725675;           1.602
                 251;              2764800;              1768242;           1.564
                 252;              2764800;              2248355;           1.230
                 253;              2764800;              2343185;           1.180
                 254;              2764800;              2026926;           1.364
                 255;              2764800;              1768267;           1.564
                 256;              2764800;              1683010;           1.643
                 257;              2764800;              1818544;           1.520
                 258;              2764800;              1741967;           1.587
                 259;              2764800;              1697733;           1.629
                 260;              2764800;              1699802;           1.627
                 261;              2764800;              1693903;           1.632
                 262;              2764800;              1737089;           1.592
                 263;              2764800;              1714578;           1.613
                 264;              2764800;              1686446;           1.639
                 265;              2764800;              1692898;           1.633
                 266;              2764800;              1687388;           1.639
                 267;              2764800;              1823866;           1.516
                 268;              2764800;              1745924;           1.584
                 269;              2764800;              2100499;           1.316
                 270;              2764800;              2094321;           1.320
                 271;              2764800;              2237288;           1.236
                 272;              2764800;              2114433;           1.308
                 273;              2764800;              2129697;           1.298
                 274;              2764800;              2095155;           1.320
                 275;              2764800;              2089487;           1.323
                 276;              2764800;              2109472;           1.311
                 277;              2764800;              2102749;           1.315
                 278;              2764800;              2188048;           1.264
                 279;              2764800;              2014361;           1.373
                 280;              2764800;              2055148;           1.345
                 281;              2764800;              2007410;           1.377
                 282;              2764800;              2125079;           1.301
                 283;              2764800;              1996547;           1.385
                 284;              2764800;              2081091;           1.329
                 285;              2764800;              2109862;           1.310
                 286;              2764800;              2139772;           1.292
                 287;              2764800;              2313225;           1.195
                 288;              2764800;              2032692;           1.360
                 289;              2764800;              2021070;           1.368
                 290;              2764800;              2105143;           1.313
                 291;              2764800;              2066285;           1.338
                 292;              2764800;              2106834;           1.312
                 293;              2764800;              2067370;           1.337
                 294;              2764800;              2261922;           1.222
                 295;              2764800;              2293413;           1.206
                 296;              2764800;              2109799;           1.310
                 297;              2764800;              2191738;           1.261
                 298;              2764800;              2163844;           1.278
                 299;              2764800;              2068022;           1.337
                 300;              2764800;              2489067;           1.111
                 301;              2764800;              2106502;           1.313
                 302;              2764800;              2116996;           1.306
                 303;              2764800;              2105406;           1.313
                 304;              2764800;              1960228;           1.410
                 305;              2764800;              2033303;           1.360
                 306;              2764800;              1955702;           1.414
                 307;              2764800;              2102548;           1.315
                 308;              2764800;              2008043;           1.377
                 309;              2764800;              2186250;           1.265
                 310;              2764800;              2190303;           1.262
                 311;              2764800;              2162027;           1.279
                 312;              2764800;              2316459;           1.194
                 313;              2764800;              2035093;           1.359
                 314;              2764800;              2094861;           1.320
                 315;              2764800;              1968896;           1.404
                 316;              2764800;              2194921;           1.260
                 317;              2764800;              2174219;           1.272
                 318;              2764800;              2151180;           1.285
                 319;              2764800;              2129272;           1.298
                 320;              2764800;              2127066;           1.300
                 321;              2764800;              2055373;           1.345
                 322;              2764800;              2131351;           1.297
                 323;              2764800;              2220556;           1.245
                 324;              2764800;              2026951;           1.364
                 325;              2764800;              2159859;           1.280
                 326;              2764800;              2203849;           1.255
                 327;              2764800;              2138076;           1.293
                 328;              2764800;              2368452;           1.167
                 329;              2764800;              2099981;           1.317
                 330;              2764800;              2087096;           1.325
                 331;              2764800;              2247775;           1.230
                 332;              2764800;              2146230;           1.288
                 333;              2764800;              2244496;           1.232
                 334;              2764800;              2197207;           1.258
                 335;              2764800;              2057647;           1.344
                 336;              2764800;              2038077;           1.357
                 337;              2764800;              2058194;           1.343
                 338;              2764800;              2103684;           1.314
                 339;              2764800;              2276658;           1.214
                 340;              2764800;              2089484;           1.323
                 341;              2764800;              2029982;           1.362
                 342;              2764800;              2188613;           1.263
                 343;              2764800;              2040638;           1.355
                 344;              2764800;              2188643;           1.263
                 345;              2764800;              2091952;           1.322
                 346;              2764800;              3107372;           0.890
                 347;              2764800;              1787919;           1.546
                 348;              2764800;              1719493;           1.608
                 349;              2764800;              2143315;           1.290
                 350;              2764800;              1802161;           1.534
                 351;              2764800;              1699713;           1.627
                 352;              2764800;              1682779;           1.643
                 353;              2764800;              1749950;           1.580
                 354;              2764800;              1650524;           1.675
                 355;              2764800;              1639849;           1.686
                 356;              2764800;              1708353;           1.618
                 357;              2764800;              1674411;           1.651
                 358;              2764800;              1635826;           1.690
                 359;              2764800;              1654532;           1.671
--------------------------------------------------------------------------------
Group 1: L3CACHE
+--------------------------+---------+------------+--------+--------+--------+--------+------------+-----------+--------+
|           Event          | Counter |   Core 0   | Core 1 | Core 2 | Core 3 | Core 4 |   Core 5   |   Core 6  | Core 7 |
+--------------------------+---------+------------+--------+--------+--------+--------+------------+-----------+--------+
|     INSTR_RETIRED_ANY    |  FIXC0  |  582972499 |      0 |      0 |      0 |   2284 |  469664076 |  38494285 |      0 |
|   CPU_CLK_UNHALTED_CORE  |  FIXC1  |  663808306 |      0 |      0 |      0 |  61341 |  600969844 |  70488524 |      0 |
|   CPU_CLK_UNHALTED_REF   |  FIXC2  |  393677881 |      0 |      0 |      0 |  28303 |  339027942 |  40204785 |      0 |
|  MEM_LOAD_RETIRED_L3_HIT |   PMC0  |     208178 |      0 |      0 |      0 |      5 |     145829 |      2141 |      0 |
| MEM_LOAD_RETIRED_L3_MISS |   PMC1  |      55717 |      0 |      0 |      0 |     68 |      94818 |      1440 |      0 |
|     UOPS_RETIRED_ALL     |   PMC2  | 2161751015 |      0 |      0 |      0 |   6784 | 1742534436 | 142847816 |      0 |
+--------------------------+---------+------------+--------+--------+--------+--------+------------+-----------+--------+

+-------------------------------+---------+------------+-----+------------+--------------+
|             Event             | Counter |     Sum    | Min |     Max    |      Avg     |
+-------------------------------+---------+------------+-----+------------+--------------+
|     INSTR_RETIRED_ANY STAT    |  FIXC0  | 1091133144 |   0 |  582972499 |    136391643 |
|   CPU_CLK_UNHALTED_CORE STAT  |  FIXC1  | 1335328015 |   0 |  663808306 | 1.669160e+08 |
|   CPU_CLK_UNHALTED_REF STAT   |  FIXC2  |  772938911 |   0 |  393677881 | 9.661736e+07 |
|  MEM_LOAD_RETIRED_L3_HIT STAT |   PMC0  |     356153 |   0 |     208178 |   44519.1250 |
| MEM_LOAD_RETIRED_L3_MISS STAT |   PMC1  |     152043 |   0 |      94818 |   19005.3750 |
|     UOPS_RETIRED_ALL STAT     |   PMC2  | 4047140051 |   0 | 2161751015 | 5.058925e+08 |
+-------------------------------+---------+------------+-----+------------+--------------+

+----------------------+--------------+--------+--------+--------+--------------+-----------+--------------+--------+
|        Metric        |    Core 0    | Core 1 | Core 2 | Core 3 |    Core 4    |   Core 5  |    Core 6    | Core 7 |
+----------------------+--------------+--------+--------+--------+--------------+-----------+--------------+--------+
|  Runtime (RDTSC) [s] |       1.3128 | 1.3128 | 1.3128 | 1.3128 |       1.3128 |    1.3128 |       1.3128 | 1.3128 |
| Runtime unhalted [s] |       0.3332 |      0 |      0 |      0 | 3.079370e-05 |    0.3017 |       0.0354 |      0 |
|      Clock [MHz]     |    3358.8505 |    -   |    -   |    -   |    4317.2519 | 3531.0689 |    3492.4459 |    -   |
|          CPI         |       1.1387 |    -   |    -   |    -   |      26.8568 |    1.2796 |       1.8311 |    -   |
|    L3 request rate   |       0.0001 |    -   |    -   |    -   |       0.0108 |    0.0001 | 2.506864e-05 |    -   |
|     L3 miss rate     | 2.577401e-05 |    -   |    -   |    -   |       0.0100 |    0.0001 | 1.008066e-05 |    -   |
|     L3 miss ratio    |       0.2111 |    -   |    -   |    -   |       0.9315 |    0.3940 |       0.4021 |    -   |
+----------------------+--------------+--------+--------+--------+--------------+-----------+--------------+--------+

+---------------------------+------------+--------------+-----------+-----------+
|           Metric          |     Sum    |      Min     |    Max    |    Avg    |
+---------------------------+------------+--------------+-----------+-----------+
|  Runtime (RDTSC) [s] STAT |    10.5024 |       1.3128 |    1.3128 |    1.3128 |
| Runtime unhalted [s] STAT |     0.6703 |            0 |    0.3332 |    0.0838 |
|      Clock [MHz] STAT     | 14699.6172 |    3358.8505 | 4317.2519 | 1837.4522 |
|          CPI STAT         |    31.1062 |       1.1387 |   26.8568 |    3.8883 |
|    L3 request rate STAT   |     0.0110 | 2.506864e-05 |    0.0108 |    0.0014 |
|     L3 miss rate STAT     |     0.0101 | 1.008066e-05 |    0.0100 |    0.0013 |
|     L3 miss ratio STAT    |     1.9387 |       0.2111 |    0.9315 |    0.2423 |
+---------------------------+------------+--------------+-----------+-----------+

