--------------------------------------------------------------------------------
CPU name:	Intel(R) Core(TM) i7-8565U CPU @ 1.80GHz
CPU type:	Intel Kabylake processor
CPU clock:	1.99 GHz
--------------------------------------------------------------------------------
                   0;              2764800;             91957747;           0.030
                   1;              2764800;            117899896;           0.023
                   2;              2764800;             94829885;           0.029
                   3;              2764800;             89365632;           0.031
                   4;              2764800;             86963615;           0.032
                   5;              2764800;             89671346;           0.031
                   6;              2764800;             94228912;           0.029
                   7;              2764800;             87365599;           0.032
                   8;              2764800;             92596397;           0.030
                   9;              2764800;             96158776;           0.029
                  10;              2764800;             93758255;           0.029
                  11;              2764800;             91576611;           0.030
                  12;              2764800;             89103342;           0.031
                  13;              2764800;             87999357;           0.031
                  14;              2764800;             88245420;           0.031
                  15;              2764800;             89037713;           0.031
                  16;              2764800;             84818210;           0.033
                  17;              2764800;             83886037;           0.033
                  18;              2764800;             83474278;           0.033
                  19;              2764800;             83635097;           0.033
                  20;              2764800;             84254478;           0.033
                  21;              2764800;             82801162;           0.033
                  22;              2764800;             81946797;           0.034
                  23;              2764800;             82445835;           0.034
                  24;              2764800;             82768817;           0.033
                  25;              2764800;             82960790;           0.033
                  26;              2764800;             83088136;           0.033
                  27;              2764800;             83123373;           0.033
                  28;              2764800;             82891236;           0.033
                  29;              2764800;             83009517;           0.033
                  30;              2764800;             82454607;           0.034
                  31;              2764800;             85629488;           0.032
                  32;              2764800;             83795844;           0.033
                  33;              2764800;             83052835;           0.033
                  34;              2764800;             82611817;           0.033
                  35;              2764800;             83273801;           0.033
                  36;              2764800;             83008895;           0.033
                  37;              2764800;             85490219;           0.032
                  38;              2764800;             82990698;           0.033
                  39;              2764800;             83400416;           0.033
                  40;              2764800;             83136464;           0.033
                  41;              2764800;             82579202;           0.033
                  42;              2764800;             82845821;           0.033
                  43;              2764800;             83982374;           0.033
                  44;              2764800;             83534415;           0.033
                  45;              2764800;             83157951;           0.033
                  46;              2764800;             83280534;           0.033
                  47;              2764800;             84251076;           0.033
                  48;              2764800;             84844611;           0.033
                  49;              2764800;             84712320;           0.033
                  50;              2764800;             84835207;           0.033
                  51;              2764800;             84564807;           0.033
                  52;              2764800;             85141796;           0.032
                  53;              2764800;             89901821;           0.031
                  54;              2764800;             84549013;           0.033
                  55;              2764800;             84623879;           0.033
                  56;              2764800;             84399107;           0.033
                  57;              2764800;             83005745;           0.033
                  58;              2764800;             82792544;           0.033
                  59;              2764800;             85605051;           0.032
                  60;              2764800;            107101084;           0.026
                  61;              2764800;             91991493;           0.030
                  62;              2764800;             84372164;           0.033
                  63;              2764800;             83909440;           0.033
                  64;              2764800;             83871907;           0.033
                  65;              2764800;             83340909;           0.033
                  66;              2764800;             83785583;           0.033
                  67;              2764800;             84334731;           0.033
                  68;              2764800;             83576960;           0.033
                  69;              2764800;             83323137;           0.033
                  70;              2764800;             83208548;           0.033
                  71;              2764800;             83726945;           0.033
                  72;              2764800;             83444761;           0.033
                  73;              2764800;             83090648;           0.033
                  74;              2764800;            110995918;           0.025
                  75;              2764800;             86311210;           0.032
                  76;              2764800;             84143695;           0.033
                  77;              2764800;             83808041;           0.033
                  78;              2764800;             83744867;           0.033
                  79;              2764800;             83816874;           0.033
                  80;              2764800;             86431447;           0.032
                  81;              2764800;             83791949;           0.033
                  82;              2764800;             83492285;           0.033
                  83;              2764800;             83801999;           0.033
                  84;              2764800;             83747733;           0.033
                  85;              2764800;             83526532;           0.033
                  86;              2764800;             83812641;           0.033
                  87;              2764800;             83928778;           0.033
                  88;              2764800;             83937303;           0.033
                  89;              2764800;             84401329;           0.033
                  90;              2764800;             84707903;           0.033
                  91;              2764800;             85260936;           0.032
                  92;              2764800;             85128494;           0.032
                  93;              2764800;             83875206;           0.033
                  94;              2764800;             83495609;           0.033
                  95;              2764800;             84334523;           0.033
                  96;              2764800;             86943937;           0.032
                  97;              2764800;             84496152;           0.033
                  98;              2764800;             83901686;           0.033
                  99;              2764800;             84315438;           0.033
                 100;              2764800;             83753409;           0.033
                 101;              2764800;             85024593;           0.033
                 102;              2764800;             86896362;           0.032
                 103;              2764800;             83827842;           0.033
                 104;              2764800;             84033084;           0.033
                 105;              2764800;             85121132;           0.032
                 106;              2764800;             84369494;           0.033
                 107;              2764800;             83837806;           0.033
                 108;              2764800;             84310410;           0.033
                 109;              2764800;             84138717;           0.033
                 110;              2764800;             84512513;           0.033
                 111;              2764800;             84353303;           0.033
                 112;              2764800;             84128069;           0.033
                 113;              2764800;             84174474;           0.033
                 114;              2764800;             84030163;           0.033
                 115;              2764800;             85068297;           0.033
                 116;              2764800;             85168585;           0.032
                 117;              2764800;             85710565;           0.032
                 118;              2764800;             87825869;           0.031
                 119;              2764800;             84986006;           0.033
                 120;              2764800;             84120551;           0.033
                 121;              2764800;             84073124;           0.033
                 122;              2764800;             86311941;           0.032
                 123;              2764800;             84128907;           0.033
                 124;              2764800;             86799039;           0.032
                 125;              2764800;             84389821;           0.033
                 126;              2764800;             83885136;           0.033
                 127;              2764800;             84180001;           0.033
                 128;              2764800;             84744939;           0.033
                 129;              2764800;             84111613;           0.033
                 130;              2764800;             84786175;           0.033
                 131;              2764800;             84271557;           0.033
                 132;              2764800;             84169933;           0.033
                 133;              2764800;             84057161;           0.033
                 134;              2764800;             84526196;           0.033
                 135;              2764800;             84041435;           0.033
                 136;              2764800;             84258821;           0.033
                 137;              2764800;             84419547;           0.033
                 138;              2764800;             84002389;           0.033
                 139;              2764800;             86267111;           0.032
                 140;              2764800;             85304827;           0.032
                 141;              2764800;             84190042;           0.033
                 142;              2764800;             84016306;           0.033
                 143;              2764800;             84199814;           0.033
                 144;              2764800;             84573404;           0.033
                 145;              2764800;             86373672;           0.032
                 146;              2764800;             84440851;           0.033
                 147;              2764800;             84554234;           0.033
                 148;              2764800;             85384414;           0.032
                 149;              2764800;             84988646;           0.033
                 150;              2764800;             85362107;           0.032
                 151;              2764800;             84811366;           0.033
                 152;              2764800;             84485918;           0.033
                 153;              2764800;             84400991;           0.033
                 154;              2764800;             87356680;           0.032
                 155;              2764800;             85394301;           0.032
                 156;              2764800;             85945388;           0.032
                 157;              2764800;             85171292;           0.032
                 158;              2764800;             85347939;           0.032
                 159;              2764800;             84940576;           0.033
                 160;              2764800;             84680416;           0.033
                 161;              2764800;             88541301;           0.031
                 162;              2764800;             84846120;           0.033
                 163;              2764800;             86196027;           0.032
                 164;              2764800;             84699220;           0.033
                 165;              2764800;             85910732;           0.032
                 166;              2764800;             86137924;           0.032
                 167;              2764800;             87741416;           0.032
                 168;              2764800;             84986937;           0.033
                 169;              2764800;             85078472;           0.032
                 170;              2764800;             85249841;           0.032
                 171;              2764800;             85801967;           0.032
                 172;              2764800;             86203772;           0.032
                 173;              2764800;             84991431;           0.033
                 174;              2764800;             86326391;           0.032
                 175;              2764800;             86112799;           0.032
                 176;              2764800;             84656968;           0.033
                 177;              2764800;             85251270;           0.032
                 178;              2764800;             85550422;           0.032
                 179;              2764800;             85765226;           0.032
                 180;              2764800;             85600337;           0.032
                 181;              2764800;             84741717;           0.033
                 182;              2764800;             88315589;           0.031
                 183;              2764800;             87039193;           0.032
                 184;              2764800;             86371782;           0.032
                 185;              2764800;             86169956;           0.032
                 186;              2764800;             85901735;           0.032
                 187;              2764800;             86544982;           0.032
                 188;              2764800;             87497616;           0.032
                 189;              2764800;             85278002;           0.032
                 190;              2764800;             85741923;           0.032
                 191;              2764800;             86509147;           0.032
                 192;              2764800;             87910568;           0.031
                 193;              2764800;             86631742;           0.032
                 194;              2764800;             85502768;           0.032
                 195;              2764800;             85222434;           0.032
                 196;              2764800;             86793655;           0.032
                 197;              2764800;             88353233;           0.031
                 198;              2764800;             85643230;           0.032
                 199;              2764800;             87113800;           0.032
                 200;              2764800;             85435463;           0.032
                 201;              2764800;             86382667;           0.032
                 202;              2764800;             86004475;           0.032
                 203;              2764800;             86208083;           0.032
                 204;              2764800;             89157094;           0.031
                 205;              2764800;             86950547;           0.032
                 206;              2764800;             86363903;           0.032
                 207;              2764800;             85623909;           0.032
                 208;              2764800;             85453792;           0.032
                 209;              2764800;             85549200;           0.032
                 210;              2764800;             87159825;           0.032
                 211;              2764800;             88090291;           0.031
                 212;              2764800;             85798469;           0.032
                 213;              2764800;             85360111;           0.032
                 214;              2764800;             86049252;           0.032
                 215;              2764800;             85728085;           0.032
                 216;              2764800;             85771617;           0.032
                 217;              2764800;             85542338;           0.032
                 218;              2764800;             87057477;           0.032
                 219;              2764800;             85526599;           0.032
                 220;              2764800;             93210515;           0.030
                 221;              2764800;             85581278;           0.032
                 222;              2764800;             85999347;           0.032
                 223;              2764800;             86411407;           0.032
                 224;              2764800;             86042982;           0.032
                 225;              2764800;             88691489;           0.031
                 226;              2764800;             86668735;           0.032
                 227;              2764800;             86117929;           0.032
                 228;              2764800;             85593497;           0.032
                 229;              2764800;             85895374;           0.032
                 230;              2764800;             85792448;           0.032
                 231;              2764800;             88203137;           0.031
                 232;              2764800;             85228479;           0.032
                 233;              2764800;             85691451;           0.032
                 234;              2764800;             86493066;           0.032
                 235;              2764800;             85758246;           0.032
                 236;              2764800;             86222949;           0.032
                 237;              2764800;             86256663;           0.032
                 238;              2764800;             85684255;           0.032
                 239;              2764800;             86230882;           0.032
                 240;              2764800;             86312463;           0.032
                 241;              2764800;             86310745;           0.032
                 242;              2764800;             85931094;           0.032
                 243;              2764800;             85890045;           0.032
                 244;              2764800;             86317978;           0.032
                 245;              2764800;             85768084;           0.032
                 246;              2764800;             88355955;           0.031
                 247;              2764800;             87219574;           0.032
                 248;              2764800;             86335015;           0.032
                 249;              2764800;             86075937;           0.032
                 250;              2764800;             86196335;           0.032
                 251;              2764800;             85904378;           0.032
                 252;              2764800;             87019520;           0.032
                 253;              2764800;             86661041;           0.032
                 254;              2764800;             86587743;           0.032
                 255;              2764800;             87120885;           0.032
                 256;              2764800;             86269245;           0.032
                 257;              2764800;             86516676;           0.032
                 258;              2764800;             87089644;           0.032
                 259;              2764800;             85858859;           0.032
                 260;              2764800;             88040280;           0.031
                 261;              2764800;             87205909;           0.032
                 262;              2764800;             87523376;           0.032
                 263;              2764800;             86427162;           0.032
                 264;              2764800;             86856042;           0.032
                 265;              2764800;             87180564;           0.032
                 266;              2764800;             86578765;           0.032
                 267;              2764800;             86647245;           0.032
                 268;              2764800;             88268191;           0.031
                 269;              2764800;             86469928;           0.032
                 270;              2764800;             86205426;           0.032
                 271;              2764800;             85622321;           0.032
                 272;              2764800;             86133811;           0.032
                 273;              2764800;             86816370;           0.032
                 274;              2764800;             89266174;           0.031
                 275;              2764800;             87095710;           0.032
                 276;              2764800;             86935133;           0.032
                 277;              2764800;             86000480;           0.032
                 278;              2764800;             87020916;           0.032
                 279;              2764800;             85970032;           0.032
                 280;              2764800;             86580512;           0.032
                 281;              2764800;             87083232;           0.032
                 282;              2764800;             86551003;           0.032
                 283;              2764800;             87036183;           0.032
                 284;              2764800;             86500011;           0.032
                 285;              2764800;             86024233;           0.032
                 286;              2764800;             86180511;           0.032
                 287;              2764800;             85975441;           0.032
                 288;              2764800;             86790369;           0.032
                 289;              2764800;             89324124;           0.031
                 290;              2764800;             87175767;           0.032
                 291;              2764800;             86565984;           0.032
                 292;              2764800;             86056692;           0.032
                 293;              2764800;             85861067;           0.032
                 294;              2764800;             86218811;           0.032
                 295;              2764800;             87251964;           0.032
                 296;              2764800;             85932629;           0.032
                 297;              2764800;             87611397;           0.032
                 298;              2764800;             86284917;           0.032
                 299;              2764800;             86342838;           0.032
                 300;              2764800;             86152599;           0.032
                 301;              2764800;             86108772;           0.032
                 302;              2764800;             86180813;           0.032
                 303;              2764800;             87685060;           0.032
                 304;              2764800;             88317990;           0.031
                 305;              2764800;            101123592;           0.027
                 306;              2764800;             86958551;           0.032
                 307;              2764800;             86375602;           0.032
                 308;              2764800;             86065413;           0.032
                 309;              2764800;             87633586;           0.032
                 310;              2764800;             88799024;           0.031
                 311;              2764800;             86798350;           0.032
                 312;              2764800;             87676133;           0.032
                 313;              2764800;             88230269;           0.031
                 314;              2764800;             89534799;           0.031
                 315;              2764800;             93887156;           0.029
                 316;              2764800;             89533118;           0.031
                 317;              2764800;             86867146;           0.032
                 318;              2764800;             86910522;           0.032
                 319;              2764800;             86974523;           0.032
                 320;              2764800;             87022959;           0.032
                 321;              2764800;             86501102;           0.032
                 322;              2764800;             87233502;           0.032
                 323;              2764800;             87565615;           0.032
                 324;              2764800;             88694845;           0.031
                 325;              2764800;             88907685;           0.031
                 326;              2764800;             90872089;           0.030
                 327;              2764800;             93917324;           0.029
                 328;              2764800;             90415686;           0.031
                 329;              2764800;             87673206;           0.032
                 330;              2764800;             87324136;           0.032
                 331;              2764800;             90578692;           0.031
                 332;              2764800;             87207274;           0.032
                 333;              2764800;             86838235;           0.032
                 334;              2764800;             86264235;           0.032
                 335;              2764800;             87098338;           0.032
                 336;              2764800;             89015953;           0.031
                 337;              2764800;             90085785;           0.031
                 338;              2764800;             88009786;           0.031
                 339;              2764800;             88224142;           0.031
                 340;              2764800;             88357608;           0.031
                 341;              2764800;             87624444;           0.032
                 342;              2764800;             88492458;           0.031
                 343;              2764800;             89088398;           0.031
                 344;              2764800;             93774491;           0.029
                 345;              2764800;             91126619;           0.030
                 346;              2764800;             92021410;           0.030
                 347;              2764800;             88099319;           0.031
                 348;              2764800;             87618703;           0.032
                 349;              2764800;             87850261;           0.031
                 350;              2764800;             86999820;           0.032
                 351;              2764800;             88720216;           0.031
                 352;              2764800;             90375613;           0.031
                 353;              2764800;             88203598;           0.031
                 354;              2764800;             88327950;           0.031
                 355;              2764800;             99084778;           0.028
                 356;              2764800;            132314344;           0.021
                 357;              2764800;            105546258;           0.026
                 358;              2764800;             92145307;           0.030
                 359;              2764800;             90682725;           0.030
--------------------------------------------------------------------------------
Group 1: TLB_INSTR
+---------------------------+---------+------------+--------+--------+--------+--------------+--------+--------+--------+
|           Event           | Counter |   Core 0   | Core 1 | Core 2 | Core 3 |    Core 4    | Core 5 | Core 6 | Core 7 |
+---------------------------+---------+------------+--------+--------+--------+--------------+--------+--------+--------+
|     INSTR_RETIRED_ANY     |  FIXC0  | 2805651838 |      0 |      0 |      0 | 209477432104 |   1823 |      0 |      0 |
|   CPU_CLK_UNHALTED_CORE   |  FIXC1  |  878895999 |      0 |      0 |      0 |  59979272193 |  44638 |      0 |      0 |
|    CPU_CLK_UNHALTED_REF   |  FIXC2  |  465072904 |      0 |      0 |      0 |  31947534648 |  19837 |      0 |      0 |
| ITLB_MISSES_CAUSES_A_WALK |   PMC0  |        689 |      0 |      0 |      0 |        17699 |     52 |      0 |      0 |
|  ITLB_MISSES_WALK_ACTIVE  |   PMC1  |      43431 |      0 |      0 |      0 |      1866798 |   7294 |      0 |      0 |
+---------------------------+---------+------------+--------+--------+--------+--------------+--------+--------+--------+

+--------------------------------+---------+--------------+-----+--------------+--------------+
|              Event             | Counter |      Sum     | Min |      Max     |      Avg     |
+--------------------------------+---------+--------------+-----+--------------+--------------+
|     INSTR_RETIRED_ANY STAT     |  FIXC0  | 212283085765 |   0 | 209477432104 | 2.653539e+10 |
|   CPU_CLK_UNHALTED_CORE STAT   |  FIXC1  |  60858212830 |   0 |  59979272193 | 7.607277e+09 |
|    CPU_CLK_UNHALTED_REF STAT   |  FIXC2  |  32412627389 |   0 |  31947534648 | 4.051578e+09 |
| ITLB_MISSES_CAUSES_A_WALK STAT |   PMC0  |        18440 |   0 |        17699 |         2305 |
|  ITLB_MISSES_WALK_ACTIVE STAT  |   PMC1  |      1917523 |   0 |      1866798 |  239690.3750 |
+--------------------------------+---------+--------------+-----+--------------+--------------+

+-----------------------------+--------------+---------+---------+---------+--------------+--------------+---------+---------+
|            Metric           |    Core 0    |  Core 1 |  Core 2 |  Core 3 |    Core 4    |    Core 5    |  Core 6 |  Core 7 |
+-----------------------------+--------------+---------+---------+---------+--------------+--------------+---------+---------+
|     Runtime (RDTSC) [s]     |      17.1555 | 17.1555 | 17.1555 | 17.1555 |      17.1555 |      17.1555 | 17.1555 | 17.1555 |
|     Runtime unhalted [s]    |       0.4413 |       0 |       0 |       0 |      30.1148 | 2.241219e-05 |       0 |       0 |
|         Clock [MHz]         |    3763.8903 |    -    |    -    |    -    |    3739.2487 |    4481.7667 |    -    |    -    |
|             CPI             |       0.3133 |    -    |    -    |    -    |       0.2863 |      24.4860 |    -    |    -    |
|        L1 ITLB misses       |          689 |       0 |       0 |       0 |        17699 |           52 |       0 |       0 |
|      L1 ITLB miss rate      | 2.455757e-07 |    -    |    -    |    -    | 8.449120e-08 |       0.0285 |    -    |    -    |
| L1 ITLB miss duration [Cyc] |      63.0348 |    -    |    -    |    -    |     105.4748 |     140.2692 |    -    |    -    |
+-----------------------------+--------------+---------+---------+---------+--------------+--------------+---------+---------+

+----------------------------------+------------+--------------+-----------+-----------+
|              Metric              |     Sum    |      Min     |    Max    |    Avg    |
+----------------------------------+------------+--------------+-----------+-----------+
|     Runtime (RDTSC) [s] STAT     |   137.2440 |      17.1555 |   17.1555 |   17.1555 |
|     Runtime unhalted [s] STAT    |    30.5561 |            0 |   30.1148 |    3.8195 |
|         Clock [MHz] STAT         | 11984.9057 |    3739.2487 | 4481.7667 | 1498.1132 |
|             CPI STAT             |    25.0856 |       0.2863 |   24.4860 |    3.1357 |
|        L1 ITLB misses STAT       |      18440 |            0 |     17699 |      2305 |
|      L1 ITLB miss rate STAT      |     0.0285 | 8.449120e-08 |    0.0285 |    0.0036 |
| L1 ITLB miss duration [Cyc] STAT |   308.7788 |      63.0348 |  140.2692 |   38.5974 |
+----------------------------------+------------+--------------+-----------+-----------+

